128552
1
3
8
95
54
53
627
10110
1005
272 273
563
15530
466
85113
81
471
945
1315
1310
426
1159 1158
2764 1526 1527
1853
14389 14390 2077
41025
2646
951
1179
1768
139
519 520
1415
94
1861
573
40256
2884
2775 2776
2806
3431 3421 2972 2973
3818
4923
2723
79136
2391
6244
149
14542
3462
1529
1528
1773
107481
721
4044
2561
2320
2614
70776
4240
262
2230 2231
1551
28572
1251
2064
5111
271
3591
171
170
1110
80763
4678
35952 2382
4541
8586 8587
3430
3429
4745
4749
4787
4788
2875
44849
4931
3953
21150
4522
97709
14306
2427
4504
21719
21720
26366
4648
2083
1014
7836
4813
11639
59866
59867
59868
94165
3958
3743
43949
59701
3120
19750
6661 6660
3267
5567
7901
103167
4728
10185
9221
53071
18062
5419
5421
36617
36708
36707
6714
2054
4019
16257
120489
5741 5740
12524
4789
4795
8483
3807
962
69029
69030
69031
69032
13169
14540
3301
46289
67437 61983 22292
46
3790
7974
10954 10953 10952 10951 10950 7595 10949
11702
11711
26987
44026
19253
8173
4955
1711
14674
6284
5557
8125
8893
8892
7594
104340
4005
10509
79153
5005
5929
5930
4201
22905
18777
40001
91760
91759 35405 41131
24939
6639
4328
4327
9220
5729
12200
7560
13155
13154
89799
94553
17926
85381
10041
77458
77459
77460
6919
6921
6922
6923
59833
5180
698
73297
4973
26446
107236
16442
21704
25424
25425
8875
8876
8213
8212
119996
55228
18388
5464
4049
63380 4824
5471
5688
5689
5690
5691
5692
5693
19598
19599
18807
59936
94197
94018
5301
38063
41689 41688
600
18383
1899 2359 1900
16449
20724
25825
17273 7474
21833
1791
11709
11723
11717
11828
57752
5948
78679
95225
20972
13422
8655
11822
11485 5145
83170
5492
20665
11848
11861
24570
6557
6924
5199
2238
11879
6510
4547
5737
10787
10788
7986
36366
20949
15182
16529
5466
7635
14459
18309
17387
11868
21250
21251
5425
95260
105218
11976
10119
1388
5382
33644 21088
21087
20362
11522
4712
8411
26039
753
47118
17405
41030
11762
11784
11805
11807
11765
91935
57429
47084
3595
14202
17909
4524
45549
108017
18232
18233
18234
54157
12777
33530
32658
23281
23282
8187
30362
7469
35624
9579
12450
14983
10720
56826
71151
46248
2498
24472
25236
15601
10744
14186
48372
21156
9452
57640
57443
19586
19587
19588
17735
15943
8524
22024
12437
12436
82881
78677
125350
40117 22643
35052
93511
5182
20701
87891
12074
41911
14993
1988
12608
11563
10708
53469
73693
73694
14140
60535
9024
8028
112189
127598
6314
8389
19402
23752
5017
21147
23789
38014
86485
38556
47702
14323
12778
2066
50630
13844
18479
19241
19405
20337
20392
20421
20841
20964
22178
25279
29982
29983
31106
42850
59933
33507
57178
5184
37990
37991
107617
39621
40713
131748
44074
43731
43555
118286
16065
15902
10037
8349
9811
5461
15046
15047
81877
17939
35254
24723
7545
14561
115289
125753
24328
17898
20343
20345
20351
94711 10697 10689
11043
47131
53736
81265 17272
4680
29673
117577 20911
7752
82909
82910
32704
97345
1386
7614
17029
13529
33844
28238
78538
16573
62431 1144
50607
20396
52772
77961
13955
42313
27909
18640
18729
18730
88328
33766
16140
20679
22988
40683
29603
39588
27249
42906
20669
12355
23796
23797
5802
7757
12066
14498
20410
11174
12297
12296
13010 11173
60439
55678 55431 55179 47890 47889 16645
20844
14052
28625
21709
20313
12976
79179
56974
67570
67571
7215
44599
5316
6699
6698
11955
11957
11959
12024
11951
11952
11954
29258
13045
33245
46719
129651
34590
12865
7961
12197
89317
24824
52733
82849
52735
96871
97055
96870
36330
90701
84766 84765
87870
61547
92766
92767
92768
8395
15537
70287
6575
6576
81839
6577
44431 44430
74862
89530
89531
89532
87351
85688
85689
30178
22786
89044
89045
89046
89047
12120
14709
14710
14907
2689
38117
38118
68826
31193
45116 45343
50585
9169
110829
13939
13940
13942
57585
14582
71724
20295
70738
87744
8199
16287
24514
24691 2782
10147
40105
19245
36333
89093
18063
15315
2697
104695
40558
39034
19834
42912
20797
20884
7429
24511
89594
14129
14131
7835
33082
60755
60754
91876
91877
91878
91879
6196
7224
6155
9233
5864
23145
51652
17693
25486
20005
12616
40281
23873
29063
17770
7636
28912
22287
28881
23476
86387
86388
86386 17262
7527
36535
9383
19450
6068
11898
16338
23435 23436
8124
126034
6098
125771
10922
76143
40432
39838
39839
15749
21017
16807
97794